A = 3.4555712270803953%
B = 6.417489421720733%
C = 0.0%
D = 0.2820874471086037%
E = 3.1029619181946404%
F = 2.8913963328631875%
G = 7.122708039492243%
H = 6.840620592383639%
I = 1.7630465444287728%
J = 0.0%
K = 5.6417489421720735%
L = 4.019746121297603%
M = 6.770098730606488%
N = 3.1029619181946404%
O = 0.846262341325811%
P = 1.1988716502115657%
Q = 0.0%
R = 1.4104372355430184%
S = 0.0%
T = 6.276445698166431%
U = 1.622002820874471%
V = 2.4682651622002822%
W = 2.6798307475317347%
X = 9.590973201692526%
Y = 1.904090267983075%
Z = 1.904090267983075%
